8 10
0.5239062883067214 0.25064179088953986 0.9045499567481283 0.21382759549220942 0.5222729316370008 0.38136978707541325 0.7365359258022875 0.4329414100829835 0.6123663440587489 0.47457688976577816 
0.01596791565799316 0.7667855668592836 0.6961062373616091 0.2310481653398374 0.8541144442683943 0.5777480980360998 0.1624289730926166 0.2778567582868665 0.9265106375663429 0.48060605279795354 
0.00799709039824359 0.8416964361029674 0.7415539736963758 0.9854226501283367 0.6727483678427869 0.6876176554916194 0.8735870185450485 0.861182617531636 0.507551804590694 0.6164038067469876 
0.5299395336795941 0.536857992016241 0.8522689583514834 0.731808017685592 0.6131675067284025 0.5460403835579628 0.7207445683607507 0.11855931551913146 0.9655357559167925 0.7228123466653259 
0.6884966691189945 0.954630849887934 0.14407648320773048 0.661308181774182 0.06998674609505262 0.613924498184395 0.04285321518527918 0.9495494040409194 0.9447655197595486 0.0007354023119652275 
0.5613704984000909 0.14085206335989808 0.3783655407638431 0.4924510828713702 0.9872812882994915 0.7766495240935827 0.059935652509729986 0.16853604821466206 0.4826012050577019 0.1801848572379584 
0.47503771358703606 0.8319860793783449 0.876038236025044 0.9017831584734926 0.9409697936647287 0.44661701678787746 0.5433659211428687 0.5611465434709924 0.4403890109495362 0.2553266860600185 
0.8446002964225721 0.43133499255889873 0.234564903623402 0.1336634789864104 0.2500938135856384 0.11601365882673553 0.643586513758875 0.05670500090927699 0.4582194405476253 0.42308986467716514 

16.08035301608521 15.04580103693812 28.143660716066048 23.15805810496638 16.769235684042183 11.555930508565964 24.362787924422094 8.53862834601861 

0.9644035006533421 0.506673708413574 0.28907694846299126 0.8297747836278302 0.2900265881097521 0.24960672289479346 0.9298016202190382 0.4482568005699521 0.7918394040613599 0.1320245043687286 

