Points:
0.5239062883067214 0.25064179088953986 0.9045499567481283 0.21382759549220942 0.5222729316370008 0.38136978707541325 0.7365359258022875 0.4329414100829835 0.6123663440587489 0.47457688976577816 
0.01596791565799316 0.7667855668592836 0.6961062373616091 0.2310481653398374 0.8541144442683943 0.5777480980360998 0.1624289730926166 0.2778567582868665 0.9265106375663429 0.48060605279795354 
0.00799709039824359 0.8416964361029674 0.7415539736963758 0.9854226501283367 0.6727483678427869 0.6876176554916194 0.8735870185450485 0.861182617531636 0.507551804590694 0.6164038067469876 
0.5299395336795941 0.536857992016241 0.8522689583514834 0.731808017685592 0.6131675067284025 0.5460403835579628 0.7207445683607507 0.11855931551913146 0.9655357559167925 0.7228123466653259 
0.6884966691189945 0.954630849887934 0.14407648320773048 0.661308181774182 0.06998674609505262 0.613924498184395 0.04285321518527918 0.9495494040409194 0.9447655197595486 0.0007354023119652275 
0.5613704984000909 0.14085206335989808 0.3783655407638431 0.4924510828713702 0.9872812882994915 0.7766495240935827 0.059935652509729986 0.16853604821466206 0.4826012050577019 0.1801848572379584 
0.47503771358703606 0.8319860793783449 0.876038236025044 0.9017831584734926 0.9409697936647287 0.44661701678787746 0.5433659211428687 0.5611465434709924 0.4403890109495362 0.2553266860600185 
0.8446002964225721 0.43133499255889873 0.234564903623402 0.1336634789864104 0.2500938135856384 0.11601365882673553 0.643586513758875 0.05670500090927699 0.4582194405476253 0.42308986467716514 

Experimental point:
0.9644035006533421 0.506673708413574 0.28907694846299126 0.8297747836278302 0.2900265881097521 0.24960672289479346 0.9298016202190382 0.4482568005699521 0.7918394040613599 0.1320245043687286 

Matrix V:
0.4220635206058968 0.6839529950552327 0.8028431286200777 0.5245839139301997 0.48222256985549106 0.16664476455581334 0.7076263123948646 0.7647399376032628 0.049839629100661975 0.570805903096248 
0.520223395508473 0.9850355606809713 0.26121829890825343 0.07467167771408634 0.6321862895360039 0.7951319719664538 0.5065678902750907 0.3987745611302359 0.03647482865563201 0.57285732482209 
0.1660442246966919 0.698301426210043 0.3236764593016773 0.5055823889003709 0.44908150371110467 0.6963972957631415 0.6761538825440989 0.9215527118841759 0.40447408269716956 0.5895454533035009 
0.8090427534183467 0.7886142995622311 0.5370086477963975 0.08412681540903932 0.7772645901638775 0.05264858087439628 0.2789284103508056 0.6189056459090463 0.3849125028277369 0.04173841060789951 
0.7581991166553348 0.18847511364150593 0.38014632096198486 0.7303513052548125 0.3742808033471079 0.25870888763513844 0.41060999103851503 0.68114007113682 0.34571655904747367 0.5489806133735853 
0.8691781807157954 0.28440803190876407 0.49960194450486695 0.8604621413632916 0.8588963010380218 0.12628072635558252 0.7196800615162564 0.930137945846804 0.5763698973088813 0.890147440079291 
0.6944948555006011 0.5886319179698328 0.8489200507495078 0.8551482337543835 0.2831669683055963 0.7677116756819277 0.8530841226379742 0.4324904546461015 0.35098516634617405 0.11184908204302302 
0.9790475387011311 0.7049806339008822 0.1957833978698441 0.49337378965275813 0.6380899846829748 0.8831462363483975 0.566072902783662 0.531189903727756 0.08659093407758578 0.2278060552384621 
0.011444080573509985 0.390026221573348 0.3972277372442168 0.19554802918521363 0.79510957374046 0.7467649729267336 0.951014987134961 0.8019670539271894 0.2814905126733318 0.1278290819171234 
0.17484790893530888 0.4485136567272455 0.24569438025779156 0.22429903002467277 0.059667144161361874 0.5297650921331006 0.4254230060862457 0.7434049192486905 0.4455443917915396 0.9982786948633683 

Vector C:
0.6887765505409752 0.8282213655281254 0.5839065688417994 0.9519570869517839 0.39213021000826886 0.8062291462560955 0.4659968221027493 0.7595048429776731 0.6428730635234373 0.2803564003979997 

Vector of values:
16.08035301608521 15.04580103693812 28.143660716066048 23.15805810496638 16.769235684042183 11.555930508565964 24.362787924422094 8.53862834601861 

Experimental value:
18.808766225085428
